/home/budny/GS2/Runs/51976/51976c19/aplot_summary_itg_nc
zone      x  radius 	aky		omega		gamma

time=4.0
 1   0.0250  309.77
 2   0.0750  314.57
 3   0.1250  319.09
 4   0.1750  323.15  0.400000   0.055282   0.020547 #a conv?
 5   0.2250  327.21  0.500000   0.122546   0.037771 #a
 6   0.2750  331.47  0.600000   0.214803   0.125440 #a
 7   0.3250  335.71  0.500000   0.203795   0.156547 #a
 8   0.3750  339.94  0.500000   0.217021   0.153998 #a
 9   0.4250  344.24  0.500000   0.186467   0.128746 #a
10   0.4750  351.08  0.500000   0.169720   0.093656 #a
11   0.5250  353.02  0.400000   0.138708   0.070352 #a
12   0.5750  357.37  0.400000   0.149618   0.055687 #a
13   0.6250  361.60  0.400000   0.146095   0.064908 #a
14   0.6750  365.66  0.400000   0.133805   0.073036 #a
15   0.7250  369.48  0.400000   0.107993   0.080563 #a
16   0.7750  373.02  0.500000   0.098417   0.094945 #a 
17   0.8250  376.26  0.500000   0.074834   0.104403 #a
18   0.8750  379.24  0.800000  -0.131475   0.121247 #a out of range
19   0.9250  381.96  0.800000  -0.173094   0.128948 #a out of range
20   0.9750  384.40  1.000000  -0.025216   0.087773 #b

time=4.8
 1   0.0250  312.03
 2   0.0750  316.89
 3   0.1250  321.70
 4   0.1750  326.40  0.500000   0.110805   0.028994 #b??
 5   0.2250  330.98  0.500000   0.180537   0.049373
 6   0.2750  335.25  0.500000   0.213470   0.133301
 7   0.3250  339.19  0.600000   0.259920   0.163953
 8   0.3750  343.08  0.600000   0.211171   0.151461 #a
 9   0.4250  347.06  0.500000   0.154880   0.130358 #a
10   0.4750  351.08  0.500000   0.166793   0.118770 #a
11   0.5250  355.07  0.400000   0.146142   0.10669
12   0.5750  358.98  0.400000   0.154860   0.102119
13   0.6250  362.77  0.400000   0.132109   0.103115
14   0.6750  366.39  0.400000   0.083284   0.107659
15   0.7250  369.85  0.800000  -0.109800   0.141648
16   0.7750  373.13  1.000000  -0.014164   0.210832 #b
17   0.8250  376.23  0.500000   0.088382   0.184821
18   0.8750  379.13  0.500000   0.104939   0.185026
19   0.9250  381.78  1.000000  -0.028188   0.263580 #b
20   0.9750  384.13

time=5.0

 1   0.0250  312.21
 2   0.0750  317.11
 3   0.1250  322.03
 4   0.1750  326.95 #0.500000   0.003410   0.055380 #a&b bad
 5   0.2250  331.73  0.400000   0.144079   0.023339 #a 
 6   0.2750  336.10  0.500000   0.217403   0.114874
 7   0.3250  340.05  0.600000   0.251783   0.154293 
 8   0.3750  343.90  0.600000   0.215622   0.145682 
 9   0.4250  347.81  0.500000   0.166536   0.129631
10   0.4750  351.76  0.500000   0.174100   0.121860
11   0.5250  355.68  0.400000   0.140673   0.111797
12   0.5750  359.51  0.400000   0.135613   0.115842
13   0.6250  363.22  0.500000   0.138708   0.128304
14   0.6750  366.80  0.500000   0.081417   0.149260
15   0.7250  370.22  0.600000   0.032852   0.174761
16   0.7750  373.50  0.700000   0.021288   0.207377
17   0.8250  376.62  0.600000   0.059137   0.224403 #a
18   0.8750  379.56  0.600000   0.033212   0.234874
19   0.9250  382.28  1.000000  -0.013444   0.285794 #b

time=5.8
 1   0.0250  313.33
 2   0.0750  318.17
 3   0.1250  322.96
 4   0.1750  327.61  0.700000   0.024044   0.008278 #a
 5   0.2250  332.16  0.300000  -0.132482   0.043184 #b
 6   0.2750  336.48  0.500000   0.199186   0.076524
 7   0.3250  340.51  0.600000   0.234556   0.098636
 8   0.3750  344.38  0.600000   0.019996   0.113187 #b clear
 9   0.4250  348.20  0.500000   0.153318   0.109497
10   0.4750  351.99  0.500000   0.152920   0.111205
11   0.5250  355.74  0.500000   0.146174   0.125363
12   0.5750  359.40  0.500000   0.153265   0.150113 
13   0.6250  362.98  0.500000   0.156435   0.170359
14   0.6750  366.46  0.500000   0.135601   0.183676
15   0.7250  369.84  0.600000   0.132188   0.186473
16   0.7750  373.12  0.600000   0.102580   0.197515
17   0.8250  376.26  0.600000   0.110130   0.224146
18   0.8750  379.24  0.500000   0.089564   0.223445 #a
19   0.9250  381.99  0.500000  -0.005195   0.166587 #a clear
20   0.9750  384.45

time=6.0
 1   0.0250  315.14
 2   0.0750  319.98
 3   0.1250  324.70
 4   0.1750  329.21  0.300000  -0.091223   0.023205 #b conv?
 5   0.2250  333.61  0.140000  -0.137847   0.071786 #b
 6   0.2750  337.82  0.500000   0.201784   0.069714 #a
 7   0.3250  341.76  0.600000   0.247316   0.039672 #b
 8   0.3750  345.55  0.150000   0.050252   0.025030 #b
 9   0.4250  349.27  0.550000   0.238925   0.093544 #b
10   0.4750  352.97  0.500000   0.205967   0.113056 #b
11   0.5250  356.62  0.500000   0.183111   0.171654
12   0.5750  360.21  0.500000   0.169552   0.182260
13   0.6250  363.71  0.500000   0.146749   0.193808
14   0.6750  367.13  0.500000   0.119343   0.199345 
15   0.7250  370.45  0.500000   0.074956   0.195719
16   0.7750  373.66  0.600000   0.070556   0.202311
17   0.8250  376.75  0.600000   0.094966   0.217833
18   0.8750  379.68  0.500000   0.065145   0.196736
19   0.9250  382.39  1.000000  -0.019999   0.206554
20   0.9750  384.82

time=6.2
 1   0.0250  318.31
 2   0.0750  323.11
 3   0.1250  327.71
 4   0.1750  331.97  0.080000 -0.014374   0.020551	#b
 5   0.2250  336.12  0.800000  1.586376   0.081413	#b
 6   0.2750  340.15  0.600000  1.325822   0.029923	#b
 7   0.3250  343.92  0.600000  0.253003   0.102931	#a
 8   0.3750  347.51  0.480000  0.215233   0.071825	#c
 9   0.4250  351.05  0.600000  0.249811   0.204055
10   0.4750  354.54  0.600000  0.236083   0.238267
11   0.5250  357.98  0.600000  0.191544   0.252198
12   0.5750  361.36  0.600000  0.112683   0.253565 #a
13   0.6250  364.69  0.600000  0.073555   0.252684
14   0.6750  367.96  0.600000  0.046157   0.267179
15   0.7250  371.15  0.700000  0.024845   0.278132 
16   0.7750  374.24  0.800000  0.009213   0.281762	#a
17   0.8250  377.22  0.800000  0.015114   0.270832 #a
18   0.8750  380.06  0.800000 	 			#crashes: large omavg
19   0.9250  382.71  0.800000 -0.189623   0.231902	#a
20   0.9750  385.09

time=6.4
 1   0.0250  319.90
 2   0.0750  324.77
 3   0.1250  329.58
 4   0.1750  334.25  
 5   0.2250  338.75  0.500000   1.272480   0.015013
 6   0.2750  342.85  0.250000   0.781659   0.076038 
 7   0.3250  346.44  0.300000   0.970579   0.077428
 8   0.3750  349.80  0.300000   0.222710   0.079045
 9   0.4250  353.08  0.600000   0.218924   0.105584
10   0.4750  353.08  0.600000   0.192991   0.151389    
11   0.5250  359.52  0.600000   0.152623   0.188298
12   0.5750  362.69  0.500000   0.095612   0.220029
13   0.6250  365.81  0.500000   0.062355   0.258674
14   0.6750  368.88  0.500000   0.016933   0.290146
15   0.7250  371.89  0.700000  -0.004855   0.318429
16   0.7750  374.83  0.800000  -0.030145   0.354658
17   0.8250  377.68  0.800000  -0.038199   0.364029
18   0.8750  380.40  0.800000  -0.104552   0.342922
19   0.9250  382.94  0.800000  -0.182295   0.259766

time=6.6
 1   0.0250  320.65
 2   0.0750  325.47
 3   0.1250  330.15
 4   0.1750  334.55  
 5   0.2250  338.80  
 6   0.2750  342.78  0.700000  -0.077515   0.075921 #a cot converged
 7   0.3250  346.35                                           #crashes
 8   0.3750  349.72  0.100000  -1.180272   0.297748 #redo
 9   0.4250  353.03  0.700000   0.178054   0.160376
10   0.4750  352.97  0.700000   0.194007   0.209994 
11   0.5250  359.50  0.700000   0.201952   0.254026
12   0.5750  362.66  0.700000   0.212703   0.293568
13   0.6250  365.77  0.700000   0.215008   0.323176
14   0.6750  368.83  0.600000   0.202717   0.310100
15   0.7250  371.84  0.700000   0.040468   0.298706
16   0.7750  374.78  1.000000  -0.001809   0.306318
17   0.8250  377.63  0.800000  -0.026192   0.304577
18   0.8750  380.33  0.800000  -0.104347   0.292679
19   0.9250  382.84  0.800000  -0.186883   0.231061 #a  

time=6.8
 1   0.0250  321.70
 2   0.0750  326.46
 3   0.1250  331.00
 4   0.1750  335.15  0.600000   0.845620   0.032896 #a(b no conv)
 5   0.2250  339.15  0.560000   1.169360   0.007557 #d
 6   0.2750  342.99  0.500000   0.986237   0.058872 #a
 7   0.3250  346.51  0.300000   0.738622   0.070428
 8   0.3750  349.85  0.200000   0.560281   0.072573 #b 
 9   0.4250  353.17  0.700000   0.096316   0.080170
10   0.4750  356.46  0.700000   0.147076   0.129520
11   0.5250  359.70  0.700000   0.211949   0.181676
12   0.5750  362.86  0.700000   0.274613   0.246798 #a
13   0.6250  365.96  0.700000   0.303664   0.301715
14   0.6750  368.98  0.600000   0.202717   0.310100
15   0.7250  371.95  0.700000   0.119265   0.269433
16   0.7750  374.84  0.700000   0.020321   0.256164
17   0.8250  377.64  0.700000   0.030188   0.249734
18   0.8750  380.30  1.000000  -0.008151   0.251257 #b
19   0.9250  382.76  1.000000  -0.018243   0.225717 #b
20   0.9750  384.98  1.000000  -0.022654   0.118093 #b

EOF